[gd_scene load_steps=12 format=3 uid="uid://dipvwox6opgag"]

[ext_resource type="Script" path="res://main.gd" id="1_l6tet"]
[ext_resource type="PackedScene" uid="uid://ux6dvwaln4qn" path="res://mob.tscn" id="2_hwufu"]
[ext_resource type="PackedScene" uid="uid://ca5cyg5yo2odv" path="res://player.tscn" id="3_jgvrl"]
[ext_resource type="FontFile" uid="uid://csgs1h7364eh5" path="res://fonts/Montserrat-Medium.ttf" id="4_8rjud"]
[ext_resource type="Script" path="res://score_label.gd" id="5_7arlg"]

[sub_resource type="BoxShape3D" id="BoxShape3D_kllu4"]
size = Vector3(60, 2, 60)

[sub_resource type="BoxMesh" id="BoxMesh_78uew"]
size = Vector3(60, 1, 60)

[sub_resource type="StandardMaterial3D" id="StandardMaterial3D_ckqhw"]
albedo_color = Color(0.991408, 0.748469, 0.50467, 1)

[sub_resource type="CylinderMesh" id="CylinderMesh_ynbt4"]
material = SubResource("StandardMaterial3D_ckqhw")

[sub_resource type="Curve3D" id="Curve3D_6ieg1"]
_data = {
"points": PackedVector3Array(0, 0, 0, 0, 0, 0, -16.6914, 0.0512257, -9.56557, 0, 0, 0, 0, 0, 0, 15.561, 0.0541153, -9.58371, 0, 0, 0, 0, 0, 0, 16.6984, -0.0822296, 15.1954, 0, 0, 0, 0, 0, 0, -16.4603, -0.0851192, 15.1993, 0, 0, 0, 0, 0, 0, -16.6914, 0.0512257, -9.56557),
"tilts": PackedFloat32Array(0, 0, 0, 0, 0)
}
point_count = 5

[sub_resource type="Theme" id="Theme_foitj"]
default_font = ExtResource("4_8rjud")
default_font_size = 22

[node name="Main" type="Node"]
script = ExtResource("1_l6tet")
mob_scene = ExtResource("2_hwufu")

[node name="Ground" type="StaticBody3D" parent="."]
transform = Transform3D(1, 0, 0, 0, 1, 0, 0, 0, 1, 0, -1, 0)
collision_layer = 4
collision_mask = 0

[node name="CollisionShape3D" type="CollisionShape3D" parent="Ground"]
shape = SubResource("BoxShape3D_kllu4")

[node name="MeshInstance3D" type="MeshInstance3D" parent="Ground"]
transform = Transform3D(-1, 0, -8.74228e-08, 0, 1, 0, 8.74228e-08, 0, -1, 0, -6, 0)
mesh = SubResource("BoxMesh_78uew")

[node name="DirectionalLight3D" type="DirectionalLight3D" parent="."]
transform = Transform3D(1, 0, 0, 0, -0.258819, 0.965926, 0, -0.965926, -0.258819, -3, 2, -5)
shadow_enabled = true

[node name="Player" parent="." instance=ExtResource("3_jgvrl")]

[node name="CameraPivot" type="Marker3D" parent="."]
transform = Transform3D(1, 0, 0, 0, 0.707107, 0.707107, 0, -0.707107, 0.707107, 0, 0, 0)

[node name="Camera3D" type="Camera3D" parent="CameraPivot"]
transform = Transform3D(1, 0, 0, 0, 1, 0, 0, 0, 1, 0, 0, 19)
projection = 1
size = 19.0

[node name="Cylinders" type="Node3D" parent="."]

[node name="MeshInstance3D" type="MeshInstance3D" parent="Cylinders"]
transform = Transform3D(1, 0, 0, 0, 0.965926, 0.258819, 0, -0.258819, 0.965926, -16, 0, -9)
mesh = SubResource("CylinderMesh_ynbt4")

[node name="MeshInstance3D2" type="MeshInstance3D" parent="Cylinders"]
transform = Transform3D(1, 0, 0, 0, 0.965926, 0.258819, 0, -0.258819, 0.965926, 15, 0, -9)
mesh = SubResource("CylinderMesh_ynbt4")

[node name="MeshInstance3D3" type="MeshInstance3D" parent="Cylinders"]
transform = Transform3D(1, 0, 0, 0, 0.965926, 0.258819, 0, -0.258819, 0.965926, -16, 0, 15)
mesh = SubResource("CylinderMesh_ynbt4")

[node name="MeshInstance3D4" type="MeshInstance3D" parent="Cylinders"]
transform = Transform3D(1, 0, 0, 0, 0.965926, 0.258819, 0, -0.258819, 0.965926, 16, 0, 15)
mesh = SubResource("CylinderMesh_ynbt4")

[node name="SpawnPath" type="Path3D" parent="."]
curve = SubResource("Curve3D_6ieg1")

[node name="SpawnLocation" type="PathFollow3D" parent="SpawnPath"]
transform = Transform3D(0.000562504, -8.95943e-05, -0.999997, 3.63797e-12, 1, -8.95941e-05, 0.999997, 5.03936e-08, 0.000562504, -16.6914, 0.0512257, -9.56557)

[node name="MobTimer" type="Timer" parent="."]
wait_time = 0.5
autostart = true

[node name="UserInterface" type="Control" parent="."]
layout_mode = 3
anchors_preset = 15
anchor_right = 1.0
anchor_bottom = 1.0
grow_horizontal = 2
grow_vertical = 2
theme = SubResource("Theme_foitj")

[node name="ScoreLabel" type="Label" parent="UserInterface"]
layout_mode = 0
offset_left = 19.0
offset_top = 8.0
offset_right = 351.0
offset_bottom = 127.0
theme_override_colors/font_color = Color(0, 0, 0, 1)
theme_override_font_sizes/font_size = 60
text = "Score: 0"
script = ExtResource("5_7arlg")

[node name="Retry" type="ColorRect" parent="UserInterface"]
layout_mode = 1
anchors_preset = 15
anchor_right = 1.0
anchor_bottom = 1.0
grow_horizontal = 2
grow_vertical = 2
color = Color(0, 0, 0, 0.376471)

[node name="Label" type="Label" parent="UserInterface/Retry"]
layout_mode = 1
anchors_preset = 8
anchor_left = 0.5
anchor_top = 0.5
anchor_right = 0.5
anchor_bottom = 0.5
offset_left = -20.0
offset_top = -14.0
offset_right = 20.0
offset_bottom = 14.0
grow_horizontal = 2
grow_vertical = 2
text = "Press Enter to Retry"

[node name="ScoreLabel2" type="Label" parent="UserInterface"]
layout_mode = 1
anchors_preset = 12
anchor_top = 1.0
anchor_right = 1.0
anchor_bottom = 1.0
offset_top = -75.0
offset_right = -41.0
grow_horizontal = 2
grow_vertical = 0
theme_override_colors/font_color = Color(0, 0, 0, 1)
theme_override_font_sizes/font_size = 60
text = "Enjoy gamer"
script = ExtResource("5_7arlg")

[connection signal="hit" from="Player" to="." method="_on_player_hit"]
[connection signal="timeout" from="MobTimer" to="." method="_on_mob_timer_timeout"]
